#Mon May 29 00:50:05 NOVT 2023
habitat.K=60
habitat.N1=1
habitat.N2=1
habitat.P=0.9
habitat.V=3
habitat.deathDrone=9.930232558139535
habitat.deathWorker=16.627906976744185
